3	1	0.664736	0.639837	0.689634
3	2	0.674149	0.649429	0.698869
3	3	0.674873	0.650168	0.699579
3	4	0.679942	0.655338	0.704546
3	5	0.682114	0.657555	0.706674
3	6	0.683563	0.659033	0.708092
3	7	0.682839	0.658294	0.707383
3	8	0.683563	0.659033	0.708092
3	9	0.682839	0.658294	0.707383
3	10	0.682839	0.658294	0.707383
3	11	0.682839	0.658294	0.707383
3	12	0.683563	0.659033	0.708092
3	13	0.683563	0.659033	0.708092
3	14	0.683563	0.659033	0.708092
3	15	0.682839	0.658294	0.707383
3	16	0.682839	0.658294	0.707383
3	17	0.682839	0.658294	0.707383
3	18	0.683563	0.659033	0.708092
3	19	0.683563	0.659033	0.708092
3	20	0.683563	0.659033	0.708092