1	1	0.007965	0.003277	0.012654
1	2	0.007241	0.002769	0.011713
1	3	0.007241	0.002769	0.011713
1	4	0.005793	0.001790	0.009796
1	5	0.005069	0.001323	0.008814
1	6	0.006517	0.002273	0.010761
1	7	0.005069	0.001323	0.008814
1	8	0.004345	0.000876	0.007814
1	9	0.003621	0.000453	0.006788
1	10	0.003621	0.000453	0.006788
1	11	0.003621	0.000453	0.006788
1	12	0.003621	0.000453	0.006788
1	13	0.003621	0.000453	0.006788
1	14	0.003621	0.000453	0.006788
1	15	0.003621	0.000453	0.006788
1	16	0.003621	0.000453	0.006788
1	17	0.003621	0.000453	0.006788
1	18	0.004345	0.000876	0.007814
1	19	0.003621	0.000453	0.006788
1	20	0.003621	0.000453	0.006788
1	1	0.007965	0.003277	0.012654
1	51	0.002896	0.000062	0.005731
1	101	0.002172	-0.000283	0.004628
1	151	0.002172	-0.000283	0.004628
1	201	0.002172	-0.000283	0.004628
1	251	0.002172	-0.000283	0.004628
1	301	0.002172	-0.000283	0.004628
1	351	0.002172	-0.000283	0.004628
1	401	0.002172	-0.000283	0.004628
1	451	0.002172	-0.000283	0.004628
1	501	0.002172	-0.000283	0.004628
1	551	0.002172	-0.000283	0.004628
1	601	0.002172	-0.000283	0.004628
1	651	0.002172	-0.000283	0.004628
1	701	0.002172	-0.000283	0.004628
1	751	0.002172	-0.000283	0.004628
1	801	0.002172	-0.000283	0.004628
1	851	0.002172	-0.000283	0.004628
1	901	0.002172	-0.000283	0.004628
1	951	0.002172	-0.000283	0.004628
1	1001	0.002172	-0.000283	0.004628
1	1051	0.002172	-0.000283	0.004628
1	1101	0.002172	-0.000283	0.004628
1	1151	0.002172	-0.000283	0.004628
1	1201	0.002172	-0.000283	0.004628
1	1251	0.002172	-0.000283	0.004628
1	1301	0.002172	-0.000283	0.004628
1	1351	0.002172	-0.000283	0.004628
1	1401	0.002172	-0.000283	0.004628
1	1451	0.002172	-0.000283	0.004628
1	1501	0.002172	-0.000283	0.004628
1	1551	0.002172	-0.000283	0.004628
1	1601	0.002172	-0.000283	0.004628
1	1651	0.002172	-0.000283	0.004628
1	1701	0.002172	-0.000283	0.004628
1	1751	0.002172	-0.000283	0.004628
1	1801	0.002172	-0.000283	0.004628
1	1851	0.002172	-0.000283	0.004628
1	1901	0.002172	-0.000283	0.004628
1	1951	0.002172	-0.000283	0.004628