2	1	0.132513	0.114631	0.150395
2	2	0.110065	0.093558	0.126572
2	3	0.100652	0.084783	0.116520
2	4	0.098479	0.082764	0.114195
2	5	0.097031	0.081419	0.112643
2	6	0.096307	0.080747	0.111867
2	7	0.095583	0.080076	0.111090
2	8	0.091962	0.076721	0.107203
2	9	0.091962	0.076721	0.107203
2	10	0.091962	0.076721	0.107203
2	11	0.091962	0.076721	0.107203
2	12	0.091962	0.076721	0.107203
2	13	0.091962	0.076721	0.107203
2	14	0.091962	0.076721	0.107203
2	15	0.091962	0.076721	0.107203
2	16	0.092686	0.077392	0.107981
2	17	0.092686	0.077392	0.107981
2	18	0.092686	0.077392	0.107981
2	19	0.092686	0.077392	0.107981
2	20	0.092686	0.077392	0.107981